55
24
306
77
500
223
231
131
294
307
190
48
312
384
402
489
133
261
224
456
396
484
93
123
139
3
102
494
415
107
495
307
302
122
485
478
208
2
154
145
395
344
261
249
65
267
158
483
124
237
207
238
453
300
45
22
78
146
336
102
493
242
79
202
317
127
359
324
331
260
280
294
226
374
162
436
192
216
65
224
419
181
122
478
490
183
309
159
274
496
64
133
180
326
49
95
249
96
267
93
187
166
334
248
241
23
458
131
276
138
143
249
371
276
220
58
3
338
93
162
174
372
369
440
286
380
379
367
134
216
163
355
272
392
441
336
24
359
106
481
239
473
28
228
189
421
187
205
360
211
395
392
125
46
151
247
150
258
281
274
263
207
153
358
409
89
467
250
228
324
410
148
414
495
437
335
236
138
144
276
187
447
258
214
488
86
296
86
296
153
269
244
328
466
141
455
279
369
430
361
249
1
363
145
51
275
222
414
418
499
50
158
450
26
17
305
409
164
413
116
395
124
137
402
226
49
239
369
387
133
26
102
359
25
31
247
303
444
397
463
167
389
284
323
446
140
461
350
479
95
58
443
17
248
19
85
369
437
28
137
456
391
304
280
385
64
44
227
150
94
155
455
271
3
223
396
180
472
94
30
118
320
417
14
499
16
44
44
443
377
23
389
487
124
259
7
472
271
401
265
325
174
397
272
165
214
51
38
245
319
325
254
496
398
138
13
373
77
303
168
150
187
40
384
221
69
470
74
360
265
141
486
197
34
147
239
479
421
55
16
423
191
291
244
435
6
68
395
18
271
363
8
487
299
326
156
365
16
395
175
47
149
206
405
332
234
170
364
248
74
463
398
51
150
274
85
166
58
127
499
299
66
186
30
136
400
291
3
209
460
297
373
311
252
66
95
264
51
419
393
409
335
255
384
12
396
43
270
42
88
94
5
163
448
194
378
264
469
471
14
250
354
160
376
175
78
476
281
164
451
486
128
3
469
51
172
226
333
6
180
379
136
342
330
392
395
456
96
91
280
436
335
29
323
320
191
137
465
104
62
331
433
204
367
484
483
338
189
23
225
398
344
41
45
350
328
122
485
214
227
244
278
422
365
146
203
329
16
86
174
437
407
483
268
171
115
470
433
224
184
52